.Random.seed <-
c(403L, 12L, 1701163239L, -175996402L, -1669357592L, -1978940949L, 
-570330487L, 519604760L, -676748986L, 797167521L, -984219085L, 
-1033093214L, -142296428L, -1900523241L, -701862131L, 1000236580L, 
-1721528822L, 1448302453L, -892779825L, 1473189334L, 448625024L, 
-1504087613L, 730367841L, 141729232L, 537865518L, -1825833767L, 
870201067L, -931761318L, 315712796L, 1315763231L, -967427979L, 
422544652L, -33789726L, 2131190205L, -215161289L, 1647590622L, 
2105083928L, 171923323L, -328992999L, 726133672L, -324617386L, 
-881507375L, -918607997L, 1274589714L, 1360397732L, -2117017241L, 
245296829L, 698463796L, 1477381530L, -77940251L, -1641757313L, 
-2056917754L, -1702062448L, -209281229L, -357557039L, -164747648L, 
1422036830L, 1596239017L, 1983332187L, -799214230L, -976398324L, 
-90935217L, -325285627L, 321151420L, -1944279918L, 218529677L, 
-467187769L, -648586066L, 1637944584L, 863251211L, 743327209L, 
60732088L, 2146063718L, -2050380287L, 2133063827L, -403037374L, 
-1210090252L, 196806903L, 550600941L, 1666343812L, 1417575850L, 
-1890352363L, 976183727L, 1110204854L, 2025076704L, -1694140637L, 
700074049L, -1187609808L, 1954859342L, -1747838023L, 1891265995L, 
50822778L, 966112124L, -13018177L, -344931179L, -1895617876L, 
-411334526L, -1018288035L, -84099241L, -722075074L, -1951897992L, 
-103299749L, -2104277831L, 1762716936L, 1581969334L, -2125654799L, 
1421374243L, -1043839630L, -1800314940L, -879228025L, 67402077L, 
1789466452L, 556813690L, -1435297595L, -205239777L, 1851243942L, 
-16371920L, -1526766125L, -834849807L, 204784928L, -848948290L, 
2032540617L, -1502921861L, -972035766L, 1436165548L, 225931439L, 
-1975899547L, -344640996L, -1862742926L, -1363242259L, 2146844455L, 
1725414222L, 598291368L, -562333781L, -1682529079L, -916122408L, 
1205537158L, 1779146849L, 709734899L, 2113290338L, 1603081940L, 
309784535L, 77422029L, -1222166172L, 677449034L, 1247808693L, 
903896079L, 1527969046L, -1370378304L, 1942236035L, -132716127L, 
-90581616L, -272398738L, 1849712665L, 1334910123L, -589496166L, 
-1850269604L, -1468600993L, -1220909259L, 1483610828L, -1573545950L, 
-703024515L, 2011944823L, 969894046L, -885950632L, 1190740667L, 
1137724505L, 867678184L, 1005453846L, -826456687L, -596722109L, 
-523670190L, -966110748L, -406106073L, -1456513923L, -342220428L, 
-2113344166L, -1398387803L, -2136646721L, 1623345222L, -1788262704L, 
-988229389L, -1898232303L, 805126208L, -949386210L, -370461975L, 
105121819L, -783810518L, -2130164916L, -1793453809L, -213703611L, 
-667163140L, -1438022574L, 550847949L, -697223289L, 1529061998L, 
-649121208L, -823040949L, 2110936489L, -2073810696L, -43348954L, 
1762413889L, -1429579053L, 1346847362L, 169175220L, -1106089929L, 
122149677L, 1216450628L, -976568982L, 1196296661L, -505077905L, 
1402562166L, 2082810272L, -208408989L, 769562369L, 528909936L, 
1295655438L, -808080775L, 906540555L, -160307398L, 1046003260L, 
291595647L, -1119992107L, -1135311124L, -834463678L, -161005667L, 
195079703L, 872870782L, 1508507960L, 629266450L, 1438339040L, 
-1856906292L, 2024084960L, -1842120158L, -1864587992L, -1520231156L, 
-2101742020L, -471545614L, 123578096L, -571781308L, 927172184L, 
-258561478L, -2098041104L, -546768708L, -307189228L, -1109971774L, 
-1815712672L, 1102011772L, 1094035664L, 1377573922L, -1839229272L, 
1265200012L, 1933411772L, 1686025266L, 74977088L, 1766646964L, 
-382066872L, -773094726L, -1608700144L, -1587890964L, -522765228L, 
-1613439214L, -303222880L, 866759628L, -508310688L, -1165908798L, 
-1760223704L, -393716308L, 809392956L, -1898584206L, -1857437904L, 
964068900L, 1739496504L, 1720482010L, -297423472L, 733551356L, 
1563747220L, -1272475838L, 1170855424L, -180675012L, 2048590416L, 
-499863902L, 1860381512L, 667456012L, -1178289956L, 1415854674L, 
1905342592L, -8707244L, 539033064L, -423076102L, -422888624L, 
-1429074900L, -1363015308L, -434739566L, 553774688L, 1641350796L, 
-1485146272L, 1493922530L, -103440216L, 1893153996L, 1626612220L, 
383334322L, 395254256L, -735865404L, -1069706408L, 1605140346L, 
-2027059792L, 177761724L, 1803209812L, 402415554L, -236628192L, 
1873277884L, 35991120L, 2012686818L, 1940997480L, 501908812L, 
501898492L, 1658450674L, -233133312L, 761593460L, 1964899336L, 
-2053682758L, 1221454800L, -852867604L, 1108905876L, -1687707950L, 
1720461920L, -22260404L, 1056297248L, -1246366078L, -1554192920L, 
2112400364L, 310831676L, 1138132594L, 56654704L, -2130675420L, 
371538488L, 2052028826L, -1035919920L, 905391548L, 388179092L, 
-715259774L, -22301248L, -535496900L, 317474960L, -209216734L, 
-2065526264L, -1000816372L, -895653476L, -214603246L, 655744896L, 
136565524L, -1571411672L, -1543770054L, 281818064L, -274430356L, 
25084468L, 1303643794L, -1435210400L, 381944140L, 26776544L, 
-907779678L, 1976836520L, 1624407692L, -945109572L, 178160242L, 
-759153680L, 1952721476L, -183070632L, 1599652922L, 1311464560L, 
283575356L, -936497900L, 193213122L, -1128241440L, -1510904708L, 
-676998448L, -141663838L, 662795304L, -857458932L, -345647684L, 
291374898L, 1309503168L, -808757196L, 89124552L, -1307191110L, 
-756874608L, -164657428L, 72950356L, 383368850L, -1369197280L, 
-878019124L, -105574688L, 558185666L, -767488984L, 1861288876L, 
688989884L, -1059244046L, 448127536L, -1921287260L, 417854904L, 
-1676241062L, 724383888L, -2126059652L, 327611668L, -1516703422L, 
-423150336L, -2084519492L, 354258256L, -1402357470L, -376765880L, 
-625120244L, 1807434332L, 772142546L, 1556405760L, -1750298284L, 
514708712L, -2109859590L, 992805584L, -956379348L, -1865995020L, 
-1224309358L, -1865238176L, -1841919988L, 248137952L, 342419042L, 
67293352L, -1025218484L, -76236932L, -1924027086L, -770498960L, 
125929284L, 125406168L, 1253330810L, -815524816L, -1048453188L, 
-109069740L, -254484414L, -2068154720L, 1279003324L, 1151260624L, 
1174968674L, -1056326936L, 952653004L, 1865411068L, 1196048882L, 
1044930688L, 96976372L, -584648056L, -1178069190L, 1745586512L, 
-316880788L, 773162388L, 1740553298L, -2142674464L, 421478604L, 
-969253719L, 1513472283L, 1228887788L, 1990200058L, 284422959L, 
-1262167239L, 411008334L, -2124842084L, 894365965L, 1214468983L, 
1502250880L, 1474926046L, 1999334059L, -54590035L, 1001388570L, 
-1872020264L, 1653834049L, -1777608205L, -719179756L, 1058665890L, 
-324848969L, -318661503L, -1667568506L, 199919812L, -1070930443L, 
2141122655L, -2109109576L, -2130332778L, 725713315L, -533944987L, 
1316672642L, -1590780432L, 627288985L, -1942999669L, -203364228L, 
-543262038L, 1843508447L, -1382022551L, 540475518L, 73291884L, 
1132519613L, -1725017721L, -781302416L, 1949859854L, -715285189L, 
-2132917731L, -551266614L, 115868136L, 1156749009L, 1957438147L, 
484854212L, 624270962L, 1230954311L, 821829393L, -700558698L, 
-1770235916L, -955776635L, 1225424079L, 493823432L, 564272230L, 
1125137043L, -998956555L, 668994514L, -1951346656L, 340498953L, 
1970529083L, -813635956L, -2066814182L, -1609646705L, -534220071L, 
-1346515602L, 998994172L, -2101257619L, 2033542679L, 781517792L, 
-301535298L, -2126217845L, -318501363L, -1198874054L, 930335352L, 
-1606237663L, -1534092077L, -394466316L, 1434459266L, -1420835561L, 
748893153L, -1934306010L, 1784345636L, -1036816683L, -247100801L, 
-1660155112L, 2118685238L, 1155503299L, 1442982149L, 1748639906L, 
978609808L, 1677779513L, 1737857771L, 129010652L, 380636682L, 
131043583L, -1792916151L, -1764763938L, 2032966796L, -857093027L, 
518181479L, 893803408L, 1105399726L, -213889445L, -1119673795L, 
-49896278L, 292496712L, 612833649L, -1073508637L, 197617124L, 
785410322L, 30622951L, -1658764623L, 963705078L, -726183148L, 
1835801637L, 762005807L, -90181912L, -1783268410L, 635321971L, 
364818645L, 116595378L, 2081231488L, -1128795543L, -1913944357L, 
-904924628L, 169208378L, 968389871L, 2132256633L, -354001906L, 
-890785316L, -1713823155L, -993242697L, -1628360896L, -1200302562L, 
-1109810965L, 1327059053L, -2111727398L, -792725352L, -1197433087L, 
-483777357L, 1253150676L, -1606763806L, 1705257847L, 205403841L, 
